A (42, 22)(50, 22)(46, 31)(38, 54)(54, 54)(35, 61)(56, 61)(23, 76)(29, 76)(62, 76)(69, 76)
B (20, 12)(26, 18)(26, 34)(49, 36)(27, 41)(26, 60)(20, 66)
C (60, 21)(59, 26)(60, 66)
D (19, 13)(25, 19)(25, 61)(19, 67)
E (27, 16)(59, 16)(59, 21)(33, 22)(33, 39)(57, 40)(56, 45)(33, 46)(33, 64)(59, 65)(27, 70)(59, 70)
F (25, 13)(56, 16)(31, 19)(31, 36)(54, 40)(31, 43)(25, 67)(31, 67)
G (55, 18)(37, 40)(58, 38)(52, 43)(52, 57)(58, 59)
H (22, 13)(28, 13)(59, 13)(65, 13)(28, 36)(59, 36)(28, 43)(59, 43)(22, 67)(28, 67)(59, 67)(65, 67)
I (27, 18)(33, 18)(27, 72)(33, 72)
J (48, 14)(54, 14)(31, 63)(30, 68)
K (22, 17)(28, 17)(53, 17)(60, 17)(29, 43)(38, 43)(22, 71)(28, 71)(54, 71)(62, 71)
L (27, 17)(33, 17)(33, 65)(58, 66)(27, 71)(58, 71)
M (15, 17)(24, 17)(60, 17)(68, 17)(22, 28)(61, 28)(42, 48)(39, 55)(45, 55)(15, 71)(21, 71)(62, 71)(68, 71)
N (22, 20)(30, 20)(60, 20)(67, 20)(29, 31)(59, 63)(22, 74)(28, 74)(59, 74)(67, 74)
O (1,1)(1,2)(2,2)
P (22, 15)(28, 21)(28, 40)(28, 47)(22, 69)(28, 69)
Q (49, 43)(46, 45)(62, 51)(57, 56)(67, 56)(63, 61)(72, 64)(70, 68)
R (26, 18)(32, 24)(32, 43)(50, 49)(32, 50)(42, 50)(26, 72)(32, 72)(58, 72)(65, 72)
S (53, 13)(52, 18)(21, 54)(19, 60)
T (19, 15)(62, 18)(19, 20)(37, 21)(44, 21)(37, 69)(43, 69)
U (18, 9)(24, 9)(54, 9)(60, 9)
V (19, 17)(26, 17)(58, 17)(65, 17)(42, 63)(38, 71)(46, 71)
W (6, 15)(12, 15)(41, 15)(47, 15)(76, 15)(82, 15)(43, 25)(44, 30)(26, 58)(62, 58)(23, 69)(30, 69)(58, 69)(65, 69)
X (13, 13)(21, 13)(49, 13)(56, 13)(35, 32)(30, 39)(39, 39)(34, 45)(11, 67)(19, 67)(50, 67)(58, 67)
Y (18, 7)(25, 7)(54, 7)(60, 7)(39, 28)(36, 61)(42, 61)
Z (16, 10)(55, 10)(16, 15)(46, 16)(24, 58)(55, 59)(15, 64)(55, 64)
